15
35
0
12
102;148,363636363636;221,220779220779;476,220779220779;518,720779220779;582,470779220779;
0;0,0518824788741767;0,64409175839698;0,865192852579211;0,944434606034336;1;
0
13
68,6;93,1;264,6;289,1;320,281818181818;343,148484848485;428,898484848485;471,773484848485;498,1581002331;
0;0,515076152281836;0,708159885025208;0,757558507222532;0,859743025241551;0,920305271922984;0,930349497674274;0,945434774686615;1;
0
3
371,5;619,166666666667;681,083333333333;866,833333333333;916,366666666667;965,9;1040,2;1164,03333333333;
0;0,711424718960188;0,768136065932382;0,910829951633983;0,971102938442431;0,983281491200096;0,994488928989922;1;
0
14
212;260,923076923077;472,923076923077;543,589743589744;
0;0,204273686162196;0,757335147073559;1;
0
8
219;438;876;924,666666666667;964,484848484848;1037,48484848485;1077,30303030303;1106,50303030303;
0;0,465038458700292;0,71653384446655;0,925687764731981;0,931515528186982;0,966687790326254;0,976069500044274;1;
0
5
407;457,875;516,017857142857;597,417857142857;733,084523809524;770,084523809524;797,217857142857;831,134523809524;
0;0,684076115372591;0,760782315437246;0,811410346085296;0,820766492279402;0,888256092170055;0,897379590169389;1;
0
2
104;133,714285714286;156,825396825397;226,15873015873;242,15873015873;261,067821067821;275,924963924964;296,724963924964;311,582106782107;
0;0,270228494773619;0,617200676438021;0,803762480901044;0,830110328628153;0,908062310012534;0,970774357725958;0,984345449514419;1;
0
6
141,666666666667;174,358974358974;235,07326007326;288,19826007326;500,69826007326;571,531593406593;606,94826007326;
0;0,71836081892252;0,916877216441931;0,970820781128402;0,990742015976937;0,996156584324706;1;
1
12
510;582,857142857143;600,443349753695;651,443349753695;736,443349753695;754,029556650246;805,029556650246;844,260325881016;
0;0,659603785257787;0,867543904949542;0,902605638749348;0,927417637625892;0,961602229203649;0,967261844705422;1;
1
1
60,2;87,5636363636364;114,927272727273;190,177272727273;290,510606060606;
0;0,347148694563657;0,40112249546172;0,683211691904371;1;
1
5
58,1428571428571;77,5238095238095;101,464985994398;304,964985994398;350,18720821662;366,46720821662;395,538636788049;476,938636788048;493,896970121382;
0;0,509308166918345;0,758910391795094;0,798930188237144;0,922073994000629;0,977477478013624;0,986693184391781;0,986935278719386;1;
1
4
157;186,074074074074;382,324074074074;539,324074074074;931,824074074074;1043,96693121693;1240,21693121693;1267,28589673417;1379,42875387703;
0;0,673972600372508;0,851671246098681;0,873584758410752;0,928553443259477;0,955387582013409;0,976912330670667;0,985375882184399;1;
1
3
123,833333333333;371,5;520,1;
0;0,260229883133434;1;
1
9
32,625;43,5;130,5;145;163,642857142857;177,37969924812;186,07969924812;212,17969924812;224,043335611757;
0;0,679135356796905;0,79830278986161;0,871255255967572;0,934138396619083;0,94975705788191;0,957996652166851;0,974904689609367;1;
1
7
89,6666666666667;112,083333333333;124,892857142857;
0;0,0543312103254721;1;
2
14
57,8181818181818;77,0909090909091;167,948051948052;183,090909090909;204,290909090909;
0;0,446344940573908;0,620321666012632;0,665209502932844;1;
2
12
34;73,2307692307692;88,6853146853147;114,185314685315;187,042457542458;289,042457542458;301,792457542458;323,042457542458;341,256743256743;
0;0,0494647447485477;0,089825157341228;0,466823129739603;0,50663993039038;0,829265154563391;0,862672228657932;0,949784563470133;1;
2
8
27,375;136,875;149,389285714286;158,708434650456;172,83746690852;
0;0,301867322414182;0,551311772948083;0,759393912560246;1;
2
2
18,9090909090909;42,020202020202;47,4938862307283;
0;0,640778968110681;1;
3
9
87;139,2;150,547826086957;179,547826086957;189,214492753623;201,07812911726;224,805401844532;268,305401844532;
0;0,0374878324801102;0,307452215210987;0,735831519752165;0,928056310660138;0,928245812760719;0,928467598289024;1;
3
0
137,4;194,65;227,364285714286;273,164285714286;303,033850931677;328,478295376121;371,415795376121;409,582462042788;507,725319185645;
0;0,449028300703503;0,523166809804355;0,838151217928012;0,926812300424423;0,980639524904884;0,98573109180332;0,99092064570127;1;
4
7
269;277,677419354839;288,023573200993;332,856906534326;422,523573200993;430,209287486707;699,209287486707;
0;0,739801979216281;0,867984526916357;0,869591826625404;0,91729311939627;0,959289127849994;1;
5
2
23,1111111111111;31,4311111111111;38,1407885304659;52,9979313876088;
0;0,145451779710129;0,327489404447391;1;
5
14
53;88,3333333333333;130,733333333333;151,933333333333;469,933333333333;484,066666666667;514,352380952381;605,209523809524;
0;0,384312057634816;0,72885488355217;0,922076510482907;0,925720800136131;0,977118022489823;0,989174029938512;1;
5
12
56,6666666666667;129,52380952381;155,02380952381;165,22380952381;
0;0,0217681888025254;0,203255237736437;1;
6
14
318;375,818181818182;481,818181818182;552,484848484848;
0;0,0922612058348022;0,719033192226355;1;
6
13
114,333333333333;171,5;240,1;289,1;357,7;529,2;597,8;712,133333333333;736,633333333333;
0;0,0392194426967762;0,739760245549932;0,912504942626246;0,973097015183763;0,982145082213812;0,990423294737503;0,993102515738932;1;
6
12
170;226,666666666667;277,666666666667;
0;0,107437190192286;1;
6
1
602;722,4;1324,4;1625,4;
0;0,42238379776245;0,628317771558867;1;
6
11
74;98,6666666666667;143,066666666667;198,566666666667;230,280952380952;285,780952380952;
0;0,532358294294681;0,555768045174493;0,641691848526058;0,72431864835628;1;
6
0
171,75;224,596153846154;911,596153846154;974,050699300699;1145,8006993007;1283,2006993007;1340,4506993007;
0;0,180307325616013;0,480007319155575;0,499631625246243;0,6609900641816;0,762279263057165;1;
6
8
87,6;131,4;162,685714285714;191,885714285714;231,703896103896;
0;0,022603812685702;0,419904230423728;0,484835994966955;1;
6
2
69,3333333333333;95,3333333333333;118,444444444444;153,111111111111;170,444444444444;193,555555555556;235,155555555556;276,755555555556;302,755555555556;
0;0,692369638185482;0,920442229453862;0,925080144291552;0,927867102653324;0,97220208605749;0,978130080168651;0,978967980664357;1;
6
6
212,5;283,333333333333;389,583333333333;419,940476190476;450,297619047619;875,297619047619;
0;0,559714344155509;0,800902861793882;0,837849838174733;0,848555696862811;1;
7
4
196,25;248,583333333333;405,583333333333;517,72619047619;604,948412698413;670,365079365079;1455,36507936508;1586,19841269841;1684,32341269841;
0;0,43878290662542;0,800627863096174;0,822191546425917;0,897640570801485;0,947827603009006;0,979820212826682;0,980404387904192;1;
7
14
318;397,5;455,318181818182;518,918181818182;571,918181818182;642,584848484848;706,184848484848;865,184848484848;1183,18484848485;
0;0,683436297462322;0,720689662243899;0,86664625451603;0,929311855047328;0,96018147305683;0,98603505403985;0,991183865156528;1;
7
11
222;240,5;272,214285714286;294,414285714286;326,128571428571;
0;0,311581780901179;0,408165486905141;0,815346952898255;1;
7
3
148,6;205,753846153846;267,670512820513;341,970512820513;416,270512820513;1159,27051282051;
0;0,381888429983519;0,686520777176603;0,848492474643229;0,948987440325474;1;
7
0
687;763,333333333333;820,583333333333;896,916666666667;1068,66666666667;1154,54166666667;1383,54166666667;
0;0,153622259502299;0,205136410969624;0,581684662110548;0,892678062898459;0,920676390619496;1;
7
7
269;313,833333333333;403,5;493,166666666667;762,166666666667;800,595238095238;
0;0,451553360559046;0,800408452465436;0,844002583417854;0,881755228007361;1;
7
10
85,4;512,4;555,1;602,544444444444;631,011111111111;666,594444444445;709,294444444445;737,761111111111;
0;0,108697023941204;0,25765406943804;0,73335306762517;0,755413935021444;0,810679952770344;0,836213810354953;1;
8
7
14,9444444444444;22,4166666666667;36,5745614035088;81,4078947368421;88,1328947368421;132,966228070175;
0;0,256642673921306;0,378611095574248;0,658547802446263;0,887375647223671;1;
8
14
31,8;56,2615384615385;73,9282051282051;101,580379041249;260,580379041249;275,723236184106;339,323236184106;
0;0,496111156011466;0,744573591678499;0,866773933282492;0,874949557752634;0,885563695813857;1;
8
10
106,75;137,25;154,33;170,753076923077;
0;0,543708997720387;0,875523921730173;1;
8
0
40,4117647058824;55,346547314578;70,2813299232737;757,281329923274;
0;0,245533849520143;0,628649037844077;1;
9
11
14,8;22,2;30,7384615384615;62,4527472527473;84,6527472527472;96,336957779063;
0;0,492540003731847;0,792862372211802;0,82885074121545;0,880519164232811;1;
10
14
90,8571428571429;218,057142857143;248,342857142857;281,816541353383;321,566541353383;338,755730542573;402,355730542573;508,355730542573;
0;0,403701360512059;0,722845586302874;0,826550527310515;0,846902902253428;0,937281953110162;0,954507400982843;1;
10
7
33,625;43,2321428571429;97,0321428571429;111,190037593985;133,606704260652;144,815037593985;150,792815371763;
0;0,525747221137863;0,667163363717913;0,677014978634962;0,888801799162705;0,89919764787048;1;
10
8
36,5;45,625;85,4431818181818;158,443181818182;192,135489510489;206,735489510489;261,48548951049;
0;0,442625938507263;0,777709297413819;0,781783899899826;0,874534296830155;0,933175983385238;1;
11
10
85,4;298,9;441,233333333333;512,4;939,4;986,844444444444;1040,21944444444;
0;0,67415457603056;0,741959432299213;0,789919163657429;0,879103176942427;0,906548773074501;1;
11
13
85,75;142,916666666667;257,25;325,85;368,725;454,475;
0;0,713102862238884;0,885689930710857;0,948744828870004;0,982407696903567;1;
11
3
185,75;260,05;352,925;459,067857142857;512,139285714286;569,293131868132;
0;0,735034506535158;0,851107578503622;0,954143230654731;0,973546698917486;1;
11
11
111;155,4;192,4;266,4;
0;0,430681783240288;0,494320120242986;1;
11
6
212,5;240,833333333333;293,958333333333;
0;0,0793803725391626;1;
11
8
438;467,2;613,2;653,018181818182;
0;0,405843934393488;0,59908403137518;1;
11
0
171,75;220,821428571429;318,964285714286;456,364285714286;505,435714285714;619,935714285714;734,435714285714;
0;0,519386009196751;0,543766309143007;0,549241865608294;0,630034332890191;0,645556988471872;1;
11
12
510;582,857142857143;622,087912087912;1132,08791208791;1188,75457875458;1227,98534798535;
0;0,71527989464812;0,895157542580718;0,924755958644998;0,969113999486865;1;
11
5
81,4;110,471428571429;313,971428571429;345,279120879121;
0;0,321667591575533;0,327123680764466;1;
11
9
65,25;83,8928571428571;170,892857142857;208,178571428571;234,278571428571;256,028571428571;282,128571428571;
0;0,404253453947604;0,605549451669579;0,776688982623557;0,932048093427461;0,96072788051132;1;
11
2
104;118,857142857143;160,457142857143;
0;0,115074664237909;1;
12
4
785;820,681818181818;846,848484848485;884,229437229437;955,593073593074;988,301406926407;1075,52362914863;
0;0,301736269611865;0,586129397859792;0,873264050491699;0,935078531404521;0,972583403536289;1;
12
9
52,2;70,8428571428571;80,5095238095238;93,5595238095238;117,286796536797;135,929653679654;
0;0,0430981063982472;0,600854307997075;0,811579836308666;0,923794106256179;1;
13
1
150,5;236,5;387;989;1290;1336,30769230769;1411,55769230769;
0;0,465391847246792;0,829745178443999;0,864340190513526;0,911642630477675;0,965214654845027;1;
13
7
67,25;89,6666666666667;224,166666666667;248,621212121212;275,521212121212;296,21351981352;
0;0,525860148773063;0,545929301949095;0,781174790229509;0,900097181376944;1;
13
3
247,666666666667;396,266666666667;458,183333333333;
0;0,658517949341331;1;
13
11
55,5;87,2142857142857;131,614285714286;159,364285714286;
0;0,189869319030549;0,378187556012042;1;
13
0
343,5;400,75;477,083333333333;591,583333333333;648,833333333333;
0;0,0354285663343035;0,236386320101056;0,748702383005584;1;
13
5
407;474,833333333333;525,708333333333;559,625;600,325;645,547222222222;
0;0,729044546897057;0,890956715675243;0,96692600287399;0,979631293508287;1;
13
6
85;510;545,416666666667;592,638888888889;635,138888888889;1060,13888888889;
0;0,626945210911799;0,773128631594754;0,904263938763914;0,964426700380302;1;
13
10
142,333333333333;189,777777777778;332,111111111111;360,577777777778;421,577777777778;563,911111111111;670,661111111111;
0;0,0411935775191523;0,196582780567211;0,71652374120145;0,730993223051377;0,907442586958123;1;
14
8
146;194,666666666667;238,466666666667;267,666666666667;377,166666666667;464,766666666667;508,566666666667;539,852380952381;
0;0,416237726050895;0,49180472036064;0,849599662957858;0,930724726399291;0,98100700698842;0,982773327101835;1;
14
9
130,5;391,5;415,227272727273;480,477272727273;
0;0,746561050589662;0,802309727572365;1;
14
6
212,5;259,722222222222;344,722222222222;
0;0,705122143670451;1;
14
4
196,25;283,472222222222;339,543650793651;496,543650793651;548,876984126984;
0;0,577990579011384;0,613568022216718;0,671412259543099;1;
14
11
222;240,5;268,25;285,326923076923;340,826923076923;372,541208791209;391,041208791209;446,541208791209;490,941208791209;
0;0,21722428657813;0,621171032912961;0,777014112668049;0,919073036867569;0,948687074049762;0,974052266047746;0,980338605300892;1;
14
10
85,4;113,866666666667;149,45;
0;0,126485113345552;1;
14
1
301;376,25;576,916666666667;631,643939393939;782,143939393939;849,032828282828;969,432828282828;1069,76616161616;
0;0,0159558832529001;0,292001280899178;0,698734823672176;0,896358318406233;0,966300265323206;0,972835211375126;1;
15
9
65,25;78,3;83,7375;89,5375;
0;0,0969402354676276;0,420334318278434;1;
16
8
54,75;70,9722222222222;143,972222222222;581,972222222222;601,881313131313;747,881313131313;762,481313131313;778,703535353535;
0;0,269108698703349;0,680109073993377;0,898847031815707;0,9221017578021;0,980009425921126;0,98780054753633;1;
16
3
247,666666666667;279,971014492754;1022,97101449275;1049,50672877847;
0;0,113212270662189;0,502401357702993;1;
17
9
52,2;57,7531914893617;73,1061326658323;160,106132665832;173,156132665832;216,656132665832;223,524553718464;
0;0,0327505365712568;0,140955264939885;0,340125569394767;0,405553158034906;0,493251504281278;1;
17
4
78,5;99,1578947368421;115,178302900107;156,494092373792;193,875044754744;
0;0,00910159084014595;0,48307526130951;0,799554086735116;1;
17
1
46,3076923076923;648,307692307692;665,029914529914;685,096581196581;
0;0,1250534694409;0,440985659301132;1;
17
14
70,6666666666667;87,4035087719298;178,260651629073;
0;0,351603626157157;1;
18
1
54,7272727272727;92,3522727272727;106,352272727273;123,074494949495;135,114494949495;147,154494949495;177,254494949495;277,587828282828;291,269646464646;
0;0,0183682548813522;0,651092391256273;0,902744743415265;0,954103993981399;0,967488659974477;0,97884834120892;0,994646514980803;1;
18
3
247,666666666667;269,519607843137;1012,51960784314;1029,03071895425;1135,17357609711;
0;0,137887229793705;0,694319875603864;0,834990631811217;1;
19
14
636;651,142857142857;674,698412698413;
0;0,634072189684957;1;
19
13
38,1111111111111;57,1666666666667;85,75;154,35;
0;0,00535137753468007;0,1665364150396;1;
20
5
67,8333333333333;149,233333333333;217,066666666667;237,416666666667;271,333333333333;
0;0,504168289597146;0,534015407636142;0,856393790730254;1;
20
10
71,1666666666667;86,9814814814815;112,099128540305;127,349128540305;188,349128540305;
0;0,319761275779456;0,550157148977058;0,83602790513243;1;
20
11
27,75;42,55;49,95;68,45;79,0214285714286;94,8785714285714;102,807142857143;
0;0,747253514011391;0,890848417510605;0,94004266025409;0,976982272445695;0,983782496046643;1;
20
0
98,1428571428571;166,842857142857;304,242857142857;338,592857142857;384,392857142857;417,107142857143;
0;0,696354704909027;0,859750355823222;0,896866611520546;0,965373471271218;1;
20
4
196,25;256,634615384615;282,801282051282;343,185897435897;386,797008547008;
0;0,367656766204163;0,378052869577065;0,426047843496196;1;
20
2
29,7142857142857;40,6616541353383;50,1161995898838;63,1161995898838;80,4495329232171;
0;0,37038384040352;0,381513809351531;0,564835106369857;1;
21
8
62,5714285714286;125,142857142857;141,989010989011;214,989010989011;
0;0,730056704662275;0,868085053166444;1;
21
3
74,3;136,216666666667;203,762121212121;229,382810867294;
0;0,716383265506011;0,774909710381497;1;
21
12
102;174,857142857143;217,357142857143;236,246031746032;259,42784992785;287,761183261183;372,761183261183;391,650072150072;
0;0,38485326123191;0,705186492038061;0,808626392719171;0,854744942723779;0,861118416994518;0,958459153220483;1;
21
6
42,5;103,214285714286;117,869458128079;146,202791461412;169,813902572523;187,522235905857;230,022235905857;
0;0,0885227058897726;0,0915552538884998;0,406633589536706;0,808982374134763;0,859911812173029;1;
21
9
261;271,44;283,868571428571;
0;0,564723732008133;1;
22
0
137,4;274,8;412,2;1099,2;1156,45;1254,59285714286;1941,59285714286;
0;0,279537375143263;0,295660126061977;0,325025697076909;0,443580025476651;0,804198043102401;1;
22
5
81,4;110,471428571429;313,971428571429;372,114285714286;406,030952380952;487,430952380952;690,930952380952;722,238644688645;762,938644688645;
0;0,132722415437456;0,424454814317958;0,583240577051406;0,586855878874816;0,686691140400112;0,792655930390574;0,908146074168936;1;
22
10
213,5;241,966666666667;313,133333333333;351,951515151515;412,951515151515;441,418181818182;469,884848484848;
0;0,594835621363018;0,658108447004442;0,676049269642973;0,811434738011473;0,864325919272162;1;
22
14
318;363,428571428571;999,428571428571;1041,82857142857;1132,68571428571;1181,60879120879;1239,42697302697;
0;0,246437589114066;0,395239100550788;0,820725356526586;0,837910145512983;0,93923543440104;1;
22
2
41,6;56,4571428571429;82,4571428571429;112,171428571429;216,171428571429;233,504761904762;252,413852813853;
0;0,021243310358841;0,278536339180196;0,791062672014222;0,905564746093064;0,95765289877214;1;
22
6
106,25;144,886363636364;183,522727272727;244,237012987013;286,737012987013;317,094155844156;359,594155844156;412,719155844156;
0;0,0607604330289178;0,103130511463009;0,649967667369414;0,742369805416646;0,787382480626219;0,832669662913996;1;
22
3
247,666666666667;309,583333333333;557,25;650,125;699,658333333333;848,258333333333;1034,00833333333;
0;0,0183738276246004;0,0707505122678873;0,580725348957624;0,766629072521746;0,810893483939359;1;
23
13
85,75;128,625;155,009615384615;183,592948717949;240,759615384615;278,870726495727;327,870726495727;
0;0,335385319485795;0,38407708575415;0,535538429743824;0,863925328911501;0,921065802064398;1;
23
12
510;680;765;821,666666666667;894,52380952381;1022,02380952381;
0;0,138335588446353;0,143891637812566;0,167472833905823;0,755185288079497;1;
23
10
213,5;274,5;313,318181818182;374,318181818182;402,784848484848;441,60303030303;494,97803030303;525,47803030303;561,061363636364;
0;0,190518636081833;0,667303764124544;0,788410931158993;0,84452074270282;0,919098039824899;0,920116479725105;0,924133856795053;1;
23
11
74;105,714285714286;150,114285714286;168,614285714286;
0;0,0262547297752462;0,675821164567655;1;
23
0
343,5;458;801,5;916;978,454545454545;
0;0,162935802654829;0,342535819584247;0,472790525240107;1;
23
1
602;688;774;924,5;1044,9;1087,9;1388,9;1455,78888888889;
0;0,266248507483397;0,433048669763944;0,617332760392701;0,718044868560839;0,922014693411978;0,947979693003522;1;
24
8
87,6;118,885714285714;228,385714285714;
0;0,395793132309336;1;
24
14
127,2;763,2;816,2;907,057142857143;
0;0,168619784235489;0,453042635638336;1;
24
0
687;749,454545454545;886,854545454545;1573,85454545455;1659,72954545455;1708,80097402597;1771,25551948052;1839,95551948052;
0;0,177497374999803;0,265875093481271;0,326419439198918;0,73065163759196;0,869268410402184;0,930370410831152;1;
24
13
68,6;411,6;436,1;504,7;539;577,111111111111;
0;0,724260661925655;0,86242242243931;0,940986095266296;0,964709661930398;1;
24
7
67,25;87,9423076923077;132,775641025641;
0;0,731874599063303;1;
24
4
785;897,142857142857;1158,80952380952;
0;0,106685357925016;1;
24
9
87;104,4;365,4;417,6;441,327272727273;506,577272727273;558,777272727273;584,877272727273;
0;0,207005640200805;0,216150103011915;0,28515698458564;0,771779611885871;0,864343288656;0,874815213443614;1;
24
12
102;141,230769230769;651,230769230769;687,659340659341;751,409340659341;815,159340659341;849,159340659341;905,826007326007;990,826007326007;
0;0,443866586952936;0,594740623915719;0,776327851856231;0,795782993768332;0,906018404567174;0,960422491689745;0,984498369678208;1;
24
2
41,6;57,6;126,933333333333;161,6;196,266666666667;219,377777777778;238,286868686869;290,286868686869;313,39797979798;
0;0,420917854935396;0,634956910029145;0,87267893122554;0,921822050192412;0,936057470530414;0,964187922011506;0,97198163266614;1;
25
7
38,4285714285714;49,6369047619048;58,6035714285714;
0;0,244577544042841;1;
25
13
85,75;104,805555555556;119,718599033816;144,218599033816;160,55193236715;185,05193236715;197,755636070853;219,193136070853;
0;0,647765756235458;0,663968727240199;0,794652395983271;0,844602677282829;0,929320635264955;0,975215807987617;1;
25
14
127,2;206,7;286,2;307,4;
0;0,274899383657612;0,750033606924972;1;
25
5
40,7;72,0076923076923;122,882692307692;204,282692307692;219,356766381766;235,636766381766;252,5950997151;
0;0,383648194489069;0,79154457116264;0,892509482657585;0,968471404150396;0,978811097559144;1;
25
4
87,2222222222222;116,296296296296;508,796296296296;542,926731078905;
0;0,181063648313284;0,225881322013202;1;
26
5
29,0714285714286;51,6825396825397;70,1825396825397;91,6035923141186;227,270258980785;
0;0,686108706810046;0,821309983034486;0,862747810144329;1;
27
7
269;280,695652173913;292,922924901186;312,137210615472;342,02609950436;362,718407196668;
0;0,636389754654374;0,797250623986861;0,8070983888643;0,849713384962271;1;
27
2
69,3333333333333;77,3333333333333;84,7619047619048;
0;0,0326416331226937;1;
27
3
123,833333333333;206,388888888889;330,222222222222;363,994949494949;389,615639150122;430,8934169279;579,4934169279;
0;0,184610590862576;0,610644346076096;0,796048951013276;0,912281165909001;0,91756055705651;1;
27
11
22,2;44,4;64,5818181818182;86,7818181818182;98,466028708134;
0;0,352418983296957;0,483095349912602;0,584012766728343;1;
27
4
157;209,333333333333;340,166666666667;375,848484848485;422,02495543672;493,388591800357;524,788591800357;580,860020371785;678,985020371785;
0;0,350430665595923;0,519642489634771;0,607241442273463;0,885413280461298;0,910103614277641;0,93991643157554;0,941554023412464;1;
27
5
203,5;248,722222222222;267,222222222222;
0;0,146544905088376;1;
28
11
27,75;101,75;109,972222222222;125,829365079365;153,579365079365;173,761183261183;186,820006790595;195,358468329057;239,758468329057;
0;0,481209446035791;0,580532066086403;0,623975536432368;0,692577277358906;0,735870133938769;0,927330029030149;0,958065330366949;1;
28
12
72,8571428571429;123,857142857143;144,257142857143;183,487912087912;206,66973026973;
0;0,209693400131073;0,271357893807986;0,345004556841002;1;
28
8
62,5714285714286;208,571428571429;229,428571428571;249,337662337662;273,670995670996;302,870995670996;365,442424242424;391,207130124777;422,492844410491;
0;0,367311986221466;0,718032956502024;0,81361317716848;0,912755719891349;0,95902336607655;0,976359716481101;0,984250114409137;1;
28
9
52,2;61,8666666666667;99,152380952381;131,777380952381;140,777380952381;
0;0,390396987728309;0,417354695652518;0,513754962645108;1;
28
6
70,8333333333333;109,469696969697;129,707792207792;149,945887445887;
0;0,451760988507885;0,671833101949351;1;
28
7
29,8888888888889;47,8222222222222;81,4472222222222;102,13952991453;113,835182088443;122,80184875511;135,029121482382;
0;0,136797391169239;0,629259613618548;0,658736616910519;0,901143576677715;0,909823885148281;1;
29
9
52,2;182,7;443,7;
0;0,213484650535975;1;
29
10
106,75;249,083333333333;391,416666666667;462,583333333333;533,75;676,083333333333;711,666666666667;765,041666666667;
0;0,144158157461789;0,56115771762616;0,565340741876069;0,717255476848643;0,770117719427618;0,914311328525066;1;
29
2
41,6;62,4;92,1142857142857;300,114285714286;329,828571428571;399,161904761905;
0;0,388204250426497;0,824099775303369;0,884028414836169;0,950154484243708;1;
29
3
148,6;891,6;984,475;1133,075;1200,62045454545;1250,15378787879;
0;0,331576163589489;0,683404408525587;0,710604134996821;0,896388445236167;1;
29
13
343;365,866666666667;397,048484848485;465,648484848485;534,248484848485;591,415151515151;660,015151515152;
0;0,0875068730092607;0,71410510927431;0,796852171146416;0,887974957352451;0,93796871639996;1;
29
14
159;286,2;445,2;503,018181818182;609,018181818182;654,446753246753;
0;0,162370892066974;0,607722286205217;0,689140378579583;0,82794671300105;1;
29
8
438;876;915,818181818182;988,818181818182;1207,81818181818;1353,81818181818;1387,51048951049;1533,51048951049;1643,01048951049;
0;0,334512128087226;0,366635088425682;0,370651645766812;0,501786683227541;0,845070527893021;0,893817070391686;0,907417113171521;1;
29
12
510;1020;1122;
0;0,587880877952557;1;
30
4
87,2222222222222;133,398692810458;163,591000502765;207,202111613876;
0;0,426256829523481;0,775234536289953;1;
31
5
407;420,129032258065;429,819508448541;449,200460829493;471,811571940604;482,522098256394;
0;0,193631489819381;0,262419805006019;0,570972975487786;0,851638847943332;1;
31
7
17,9333333333333;23,3133333333333;28,9175;
0;0,26852095668437;1;
31
3
185,75;928,75;962,522727272727;
0;0,41255304281367;1;
32
10
106,75;249,083333333333;462,583333333333;
0;0,535902049276046;1;
32
14
159;265;307,4;625,4;716,257142857143;807,114285714286;860,114285714286;
0;0,590120426611975;0,891571198401648;0,905777489366663;0,972095412276415;0,977787785633004;1;
32
3
185,75;371,5;464,375;835,875;910,175;1095,925;1153,07884615385;
0;0,518338471767493;0,648710443908136;0,900116877409013;0,969186191211504;0,975743637828347;1;
32
12
102;158,666666666667;215,333333333333;300,333333333333;339,564102564103;375,992673992674;412,421245421245;448,849816849817;618,849816849817;
0;0,312263656407595;0,49766851606393;0,80805095113906;0,898585960529912;0,911570048056489;0,94747593008475;0,952513541679742;1;
32
5
203,5;248,722222222222;655,722222222222;682,855555555555;
0;0,498871395480819;0,669590572450882;1;
32
6
141,666666666667;212,5;318,75;743,75;
0;0,430338930920698;0,676906504506401;1;
32
1
200,666666666667;260,866666666667;301;
0;0,356295823235996;1;
32
0
687;824,4;893,1;978,975;1047,675;1391,175;
0;0,480014969129115;0,816000427042767;0,820602157440035;0,923810072679492;1;
32
7
269;538;558,692307692308;576,625641025641;845,625641025641;879,250641025641;898,464926739927;928,353815628816;955,253815628816;
0;0,521801732713357;0,536296693859964;0,673251369361773;0,90381628958436;0,975689393479626;0,977077878139617;0,987621236164759;1;
33
1
200,666666666667;238,291666666667;261,445512820513;863,445512820513;896,889957264957;916,309312103667;943,672948467303;
0;0,630860041477717;0,712506371820279;0,723477067322529;0,744068515434785;0,797171341368185;1;
33
6
30,3571428571429;91,0714285714286;101,190476190476;123,558897243108;
0;0,385677646379918;0,626414376151331;1;
34
14
106;169,6;212;848;881,473684210526;921,223684210526;954,697368421053;
0;0,673287938057911;0,887522105152644;0,949068958207967;0,969970606194741;0,978367950242225;1;
34
1
75,25;275,916666666667;330,643939393939;
0;0,0379878292442299;1;
34
2
104;133,714285714286;140,886699507389;244,886699507389;296,886699507389;309,886699507389;322,121993625036;530,121993625036;
0;0,0456416513188742;0,523201328952802;0,568878610310403;0,816702141216289;0,854099333693432;0,904776642462132;1;
34
5
81,4;118,4;163,622222222222;299,288888888889;350,163888888889;401,038888888889;468,872222222222;509,572222222222;523,138888888889;
0;0,144064358377364;0,491141944420856;0,712025564056499;0,782561501139878;0,852389348725287;0,891841478688571;0,897976367154865;1;
34
7
89,6666666666667;110,358974358974;131,051282051282;
0;0,638958863506559;1;
