15
35
0
3
24,4444444444444;34,0096618357488;45,0096618357488;57,231884057971;66,031884057971;
0;0,0517585232737474;0,135277934266437;0,768190232127725;1;
0
9
99,6666666666667;125,666666666667;180,030303030303;217,405303030303;
0;0,0939769943361171;0,367070497093059;1;
0
4
156,5;226,055555555556;315,484126984127;
0;0,239137368102092;1;
1
3
22;32;41,5652173913044;114,898550724638;
0;0,11957755201729;0,45665800972671;1;
1
14
67,7;99,9380952380952;125,012169312169;
0;0,62866965617286;1;
1
6
138;167,052631578947;185,452631578947;246,785964912281;265,185964912281;
0;0,166460646491032;0,496489716913978;0,517388891293378;1;
1
11
52,3;76,0727272727273;113,42987012987;150,787012987013;191,017782217782;
0;0,347737327509094;0,507813884600447;0,609384798723196;1;
1
12
39,8;53,5241379310345;81,9527093596059;181,452709359606;
0;0,736320705560502;0,738170995889512;1;
1
1
63,375;97,175;119,21847826087;
0;0,269321644620504;1;
2
7
58,5;234;270,947368421053;309,947368421053;
0;0,155189147684723;0,489426063189643;1;
2
5
52,1538461538462;108,653846153846;131,253846153846;166,938056680162;
0;0,600701135583222;0,61865820509169;1;
2
13
22,4705882352941;42,5758513931889;53,1869625043;72,2869625043;
0;0,50445558456704;0,739377966591231;1;
3
4
125,2;173,353846153846;251,603846153846;
0;0,157774523016997;1;
3
0
424;484,571428571429;531,68253968254;616,48253968254;687,149206349206;
0;0,107737911399454;0,607274772637054;0,734939148809644;1;
3
6
552;621;690;768,857142857143;819,038961038961;
0;0,235176925663836;0,34704776246539;0,402456353578341;1;
3
11
130,75;178,295454545455;213,162121212121;287,876406926407;345,987518037518;
0;0,0756162700708956;0,0957994675075495;0,181532253167027;1;
3
10
686;754,6;891,8;940,8;
0;0,449391310452484;0,741834705095078;1;
3
1
126,75;199,178571428571;271,607142857143;322,307142857143;829,307142857143;
0;0,657273739459924;0,844101301311129;0,846710210526847;1;
3
12
132,666666666667;161,095238095238;194,261904761905;
0;0,0508526307530701;1;
3
9
149,5;189,366666666667;289,033333333333;
0;0,224952493677847;1;
3
8
388;443,428571428571;637,428571428571;
0;0,058716960484162;1;
4
9
598;1196;1395,33333333333;
0;0,690782060148194;1;
4
4
208,666666666667;256,820512820513;319,420512820513;364,134798534799;489,334798534799;
0;0,554322715499438;0,708438877218989;0,79375025835937;1;
4
0
106;530;562,615384615385;605,015384615385;
0;0,464915247866884;0,644588104788136;1;
4
3
73,3333333333333;117,333333333333;133,047619047619;155,047619047619;
0;0,725350768072531;0,894293211595197;1;
4
1
126,75;165,75;211,840909090909;
0;0,0858780287671834;1;
4
6
276;368;410,461538461538;520,861538461538;557,661538461538;
0;0,0950425617629662;0,240144726643643;0,370250587078093;1;
4
13
95,5;122,785714285714;152,17032967033;215,836996336996;
0;0,388070579851046;0,597225032849956;1;
4
7
702;819;882,818181818182;983,103896103896;
0;0,00116550433449447;0,728826978749155;1;
5
0
84,8;226,133333333333;264,678787878788;
0;0,217358427587897;1;
5
13
27,2857142857143;36,8357142857143;84,5857142857143;
0;0,287730338866822;1;
6
14
338,5;365,58;395,014782608696;491,729068322981;515,073895909188;
0;0,262913627258968;0,79865964738447;0,849973745937144;1;
6
10
85,75;123,861111111111;209,611111111111;552,611111111111;
0;0,0413090473157354;0,177467310122864;1;
7
9
299;897;932,176470588235;
0;0,355209938599728;1;
7
6
184;239,2;349,6;533,6;
0;0,0226648289244622;0,631003796189948;1;
7
13
54,5714285714286;71,1801242236025;134,846790890269;177,291235334714;201,166235334714;
0;0,239943114342168;0,647579131815253;0,910428256736378;1;
7
0
60,5714285714286;121,142857142857;151,428571428571;
0;0,0943773005856201;1;
7
12
66,3333333333333;80,0574712643678;97,3618190904548;117,261819090455;137,161819090455;
0;0,255433628568426;0,388953071334893;0,455497274016863;1;
7
14
75,2222222222222;123,579365079365;185,12481962482;
0;0,553688671323471;1;
8
9
149,5;182,722222222222;217,898692810458;240,046840958606;263,046840958606;
0;0,0406830020947382;0,622741217323759;0,835751562779539;1;
8
4
69,5555555555556;93,6324786324786;132,757478632479;158,840811965812;
0;0,551728574093431;0,754844177233402;1;
8
10
98;122,5;156,8;197,152941176471;
0;0,26918201521039;0,301595787911341;1;
8
5
678;753,333333333333;780,453333333333;811,271515151515;
0;0,526976878289133;0,573660387902896;1;
8
8
388;776;791,52;888,52;906,99619047619;
0;0,235611305572093;0,549626683838792;0,794437360171198;1;
8
14
67,7;112,833333333333;197,458333333333;231,308333333333;262,081060606061;
0;0,405914020375349;0,795894520510043;0,84487493171822;1;
8
0
84,8;101,76;118,72;
0;0,314489643322304;1;
9
6
276;315,428571428571;376,761904761905;487,161904761905;
0;0,0787548052612692;0,112300860130339;1;
9
1
169;211,25;274,625;320,715909090909;
0;0,253126284806058;0,274434232728083;1;
9
5
678;774,857142857143;1452,85714285714;
0;0,340446179034188;1;
9
12
132,666666666667;199;398;
0;0,6260960806394;1;
9
10
343;395,769230769231;493,769230769231;1179,76923076923;
0;0,550419305451214;0,833660780877154;1;
9
3
73,3333333333333;89,047619047619;116,547619047619;
0;0,151559780817479;1;
9
8
388;431,111111111111;460,957264957265;590,290598290598;
0;0,103809777530842;0,330048691213582;1;
9
0
141,333333333333;183,733333333333;268,533333333333;
0;0,0580833092099056;1;
10
9
35,1764705882353;47,8998748435544;87,7665415102211;
0;0,581387783575337;1;
10
4
69,5555555555556;82,3310657596372;97,2358276643991;
0;0,68309235671768;1;
10
10
114,333333333333;132,385964912281;200,985964912281;
0;0,411061158345547;1;
11
3
12,2222222222222;48,8888888888889;80,3174603174603;86,1069340016708;
0;0,229407709732186;0,615616982509459;1;
11
0
22,3157894736842;234,315789473684;446,315789473684;
0;0,169894156220835;1;
11
12
49,75;70,6973684210526;110,497368421053;119,149542334096;
0;0,236945795884822;0,514888928107118;1;
11
8
29,8461538461538;38,2809364548495;102,947603121516;112,896321070234;
0;0,249162725696806;0,397237848707575;1;
12
12
199;265,333333333333;273,985507246377;330,84265010352;342,548532456461;
0;0,25524629058782;0,382164715287684;0,421261193001687;1;
13
10
228,666666666667;457,333333333333;800,333333333333;853,102564102564;990,302564102564;
0;0,172484775830526;0,398244888260799;0,411061367167849;1;
13
7
351;421,2;475,2;533,7;
0;0,369848902279045;0,644986300513353;1;
13
6
276;552;598;708,4;
0;0,0496217044419609;0,607781675984241;1;
13
14
225,666666666667;322,380952380952;419,095238095238;515,809523809524;
0;0,192178782017436;0,415290016279486;1;
13
3
44;64;80,9230769230769;
0;0,405575726588722;1;
13
8
129,333333333333;155,2;349,2;376,914285714286;
0;0,419916231476236;0,5031907346011;1;
13
9
598;717,6;1016,6;1091,35;1191,01666666667;
0;0,481085107487161;0,510975485041597;0,521759103120791;1;
13
2
156;312;624;686,4;
0;0,583359358774032;0,815811352877452;1;
13
5
135,6;203,4;255,553846153846;594,553846153846;820,553846153846;
0;0,0114407301298343;0,540831180889714;0,581525785315906;1;
14
1
126,75;228,15;481,65;515,45;
0;0,434248800447676;0,632263321682041;1;
14
8
64,6666666666667;161,666666666667;175,045977011494;200,912643678161;230,758797524315;
0;0,227812766621355;0,619441870722846;0,780622828392376;1;
14
0
106;153,111111111111;294,444444444444;
0;0,737350723415148;1;
14
13
191;382;405,875;460,446428571429;477,055124223602;
0;0,545320116507355;0,823816174336496;0,945370835445018;1;
14
3
44;52,8;72,8;
0;0,670168794400524;1;
15
11
523;627,6;685,711111111111;738,011111111111;868,761111111111;
0;0,326187076920178;0,789720107071444;0,821425175758607;1;
15
8
129,333333333333;184,761904761905;212,47619047619;341,809523809524;535,809523809524;
0;0,518261878809426;0,872680127424044;0,907177523747486;1;
15
10
228,666666666667;400,166666666667;628,833333333333;
0;0,0662509148824029;1;
15
5
339;474,6;531,1;579,528571428571;805,528571428571;
0;0,230128847120795;0,722690603676362;0,8266870891561;1;
15
13
191;254,666666666667;281,952380952381;311,336996336996;
0;0,0789676114800386;0,580600611090415;1;
15
0
106;166,571428571429;219,571428571429;
0;0,663348059810232;1;
15
9
598;657,8;724,244444444444;923,577777777778;
0;0,177611430699471;0,461834439247126;1;
15
7
351;438,75;497,25;597,535714285714;
0;0,227853903605137;0,615455803860714;1;
15
2
104;148,571428571429;210,971428571429;
0;0,234928412886802;1;
16
3
55;63,1481481481481;94,5767195767196;
0;0,733609862567391;1;
16
5
113;141,25;168,37;183,779090909091;353,279090909091;
0;0,565039593551774;0,86906514151983;0,939380796921757;1;
16
11
523;533,895833333333;564,660539215686;612,205993761141;1135,20599376114;
0;0,023403414466884;0,510015984153082;0,752031669916091;1;
16
6
110,4;122,144680851064;133,889361702128;168,389361702128;179,889361702128;
0;0,175864447897766;0,579545903839543;0,841750695318063;1;
17
9
199,333333333333;265,777777777778;351,206349206349;
0;0,360694905859418;1;
17
1
507;553,090909090909;616,465909090909;743,215909090909;
0;0,420959356706589;0,709087071429598;1;
17
6
138;248,4;432,4;984,4;
0;0,114792013540864;0,281117966261297;1;
17
14
225,666666666667;293,366666666667;368,588888888889;503,988888888889;
0;0,453433484304696;0,767199826868965;1;
17
0
141,333333333333;183,733333333333;268,533333333333;298,819047619048;329,104761904762;
0;0,177276930771768;0,648837313772289;0,765322278501559;1;
17
4
626;715,428571428571;757,161904761905;801,87619047619;
0;0,285530450404622;0,694414446058478;1;
17
10
171,5;514,5;583,1;651,7;700,7;
0;0,325317253475077;0,679932115223399;0,808363252214024;1;
17
3
55;86,4285714285714;113,928571428571;
0;0,0398068574722856;1;
17
5
678;1356;1423,8;1499,13333333333;1574,46666666667;
0;0,0995672737481073;0,726944163511218;0,789250852958535;1;
17
7
175,5;263,25;333,45;380,25;731,25;
0;0,466753330780193;0,469812832630953;0,754177848186659;1;
17
13
76,4;140,066666666667;169,451282051282;196,736996336996;
0;0,73925604892429;0,786376962897649;1;
18
4
104,333333333333;313;344,3;356,82;
0;0,310945264238399;0,777997594555458;1;
19
0
53;67,6206896551724;120,620689655172;
0;0,267660310550127;1;
19
1
84,5;338;356,777777777778;
0;0,230062919610646;1;
19
5
169,5;193,714285714286;306,714285714286;
0;0,0651774916914292;1;
19
8
48,5;62,3571428571429;88,2238095238095;165,82380952381;208,934920634921;
0;0,405682349286508;0,605028987145427;0,70384720014566;1;
19
6
276;298,08;317,114482758621;
0;0,651708304707427;1;
19
3
27,5;47,5;56,3;276,3;283,633333333333;
0;0,558993558108341;0,836384712952733;0,921395167888461;1;
19
10
171,5;247,722222222222;345,722222222222;378,388888888889;421,263888888889;
0;0,497336634260137;0,721244003544078;0,818979122224466;1;
20
1
42,25;68,9342105263158;83,4199248120301;
0;0,272860554163344;1;
20
6
552;565,142857142857;585,587301587302;601,35873015873;647,35873015873;
0;0,0109097384847701;0,59052219809504;0,621652114011307;1;
20
12
23,4117647058824;35,1176470588235;52,4219948849105;185,088661551577;198,355328218244;
0;0,415783422184177;0,472691175084396;0,753352121964173;1;
21
6
78,8571428571429;121,318681318681;158,118681318681;170,118681318681;
0;0,444716205820441;0,699101259294212;1;
21
9
85,4285714285714;103,016806722689;126,016806722689;138,740210978008;
0;0,348214325029403;0,559620489708131;1;
22
2
156;163,8;184,6;
0;0,0908965289709158;1;
23
6
276;354,857142857143;465,257142857143;
0;0,365200798725709;1;
23
8
77,6;103,466666666667;135,8;168,133333333333;195,847619047619;
0;0,253381108981557;0,46979673183926;0,792920817320176;1;
23
14
169,25;244,472222222222;319,694444444444;455,094444444444;567,927777777778;
0;0,254975192947313;0,483705307869778;0,713811589272343;1;
23
2
104;128;284;346,4;390,971428571429;
0;0,325231036520563;0,729730004262973;0,785877070948673;1;
23
0
84,8;145,371428571429;569,371428571429;597,638095238095;640,038095238095;
0;0,589566028676927;0,622857068418306;0,853142053665094;1;
23
9
598;647,833333333333;1245,83333333333;
0;0,130948262871243;1;
23
12
199;227,428571428571;260,595238095238;658,595238095238;687,02380952381;
0;0,264190826565027;0,7817266035206;0,790314576237838;1;
23
5
339;395,5;470,833333333333;640,333333333333;685,533333333333;
0;0,488843299099244;0,76345675863805;0,902063792554292;1;
23
7
351;438,75;497,25;547,392857142857;
0;0,543793661752716;0,758975730647682;1;
23
3
73,3333333333333;100,833333333333;116,547619047619;160,547619047619;215,547619047619;
0;0,187043231679127;0,264312161565373;0,546172415080921;1;
23
11
174,333333333333;209,2;252,783333333333;293,014102564103;
0;0,0675232209032401;0,439489714741283;1;
24
5
678;847,5;1525,5;
0;0,221903109108098;1;
24
0
212;424;454,285714285714;
0;0,121639160905033;1;
24
2
104;260;364;
0;0,155488773132674;1;
24
7
234;468;514,8;655,2;
0;0,331130774924532;0,610099687373842;1;
24
8
77,6;465,6;594,933333333333;
0;0,373127192957327;1;
24
4
208,666666666667;313;382,555555555556;445,155555555556;507,755555555556;
0;0,384928169776686;0,427210165473791;0,667018274382802;1;
24
3
44;264;300,666666666667;374;
0;0,287682516267523;0,701849821837245;1;
24
10
171,5;224,269230769231;361,469230769231;
0;0,287634190404788;1;
24
12
398;431,166666666667;459,595238095238;539,195238095238;
0;0,460763568640687;0,693475143851478;1;
24
6
276;828;1380;1430,18181818182;
0;0,532819134299643;0,74391137211035;1;
25
7
351;381,521739130435;481,807453416149;
0;0,273920961655676;1;
25
4
104,333333333333;139,111111111111;160,697318007663;
0;0,181225103675388;1;
25
0
424;530;560,285714285714;579,558441558442;
0;0,496088404906914;0,735692448834159;1;
25
8
64,6666666666667;79,037037037037;94,557037037037;288,557037037037;
0;0,104935649083927;0,137276643368324;1;
26
6
552;613,333333333333;674,666666666667;812,666666666667;
0;0,332109251932707;0,564786120253319;1;
26
4
125,2;229,533333333333;542,533333333333;699,033333333333;
0;0,512155788426753;0,850576152512511;1;
26
14
338,5;406,2;631,866666666667;688,283333333333;784,997619047619;
0;0,655672292166855;0,674048010556922;0,723215570481243;1;
26
12
132,666666666667;265,333333333333;301,515151515152;345,737373737374;
0;0,114863342663739;0,182828151799614;1;
26
9
199,333333333333;253,69696969697;453,030303030303;527,780303030303;1125,7803030303;
0;0,199106882850174;0,553574191664248;0,80252939420611;1;
26
5
339;435,857142857143;488,010989010989;714,010989010989;798,760989010989;
0;0,306929948448669;0,745680897377378;0,772641114375622;1;
26
0
141,333333333333;212;250,545454545455;
0;0,0665018268045969;1;
26
1
507;676;712,214285714286;768,547619047619;
0;0,244090337015223;0,593832926200947;1;
26
3
44;99;114,714285714286;
0;0,492036882962566;1;
26
11
104,6;152,145454545455;326,478787878788;587,978787878788;762,312121212121;
0;0,616940127743874;0,65730374750148;0,720951905854482;1;
27
5
113;143,818181818182;192,246753246753;531,246753246753;
0;0,457837275636848;0,622219875568154;1;
27
11
174,333333333333;221,878787878788;259,235930735931;
0;0,473193630517926;1;
28
2
104;116,48;126,544516129032;
0;0,12640916230157;1;
28
5
169,5;221,653846153846;238,603846153846;252,728846153846;365,728846153846;
0;0,653637577663176;0,838238458237134;0,956735364155284;1;
28
6
29,0526315789474;48,7669172932331;69,9976865240023;
0;0,739751951303333;1;
29
3
44;117,333333333333;122,014184397163;142,014184397163;162,014184397163;
0;0,402565134514589;0,840339926071163;0,91008720606393;1;
29
4
56,9090909090909;105,062937062937;121,536621273463;
0;0,307300078624394;1;
29
10
85,75;103,802631578947;275,302631578947;
0;0,284397921350319;1;
30
12
99,5;130,115384615385;138,407051282051;147,452505827506;155,574954807098;
0;0,0633271820261143;0,157326803681852;0,237242689649471;1;
30
14
67,7;83,0863636363636;128,219696969697;
0;0,499904401658569;1;
31
5
113;152,882352941176;169,832352941176;245,16568627451;
0;0,0938162917736918;0,47455912610586;1;
31
12
20,9473684210526;34,6715063520871;45,7270619076427;
0;0,226159701822326;1;
31
3
22;36,6666666666667;58,6666666666667;65,5416666666667;
0;0,05271118611563;0,611652886288008;1;
32
6
110,4;202,4;386,4;662,4;754,4;
0;0,411215579370037;0,528826006581275;0,529233676006728;1;
32
8
388;485;520,272727272727;555,545454545455;598,656565656566;
0;0,51927294570487;0,853378856576092;0,923750135728704;1;
32
1
169;676;845;
0;0,541510668117553;1;
32
11
104,6;141,957142857143;246,557142857143;304,668253968254;339,534920634921;
0;0,746547666261904;0,877642536995509;0,912307647156664;1;
32
4
125,2;177,366666666667;234,275757575758;
0;0,71869766106829;1;
32
9
119,6;418,6;485,044444444444;
0;0,22025916154962;1;
32
14
225,666666666667;394,916666666667;462,616666666667;598,016666666667;659,562121212121;
0;0,619817358674482;0,80290340397132;0,881639588616873;1;
33
13
76,4;103,685714285714;130,971428571429;173,415873015873;300,749206349206;
0;0,248621504637413;0,444684122797734;0,520777237491466;1;
33
4
156,5;281,7;371,128571428571;527,628571428571;840,628571428571;
0;0,157772377599031;0,610564346035075;0,799205982393247;1;
33
10
686;762,222222222222;830,822222222222;
0;0,494959399220534;1;
33
3
110;183,333333333333;293,333333333333;315,333333333333;346,761904761905;
0;0,746489626821131;0,891199073133613;0,92151751854799;1;
33
5
226;278,153846153846;956,153846153846;
0;0,575171326403506;1;
33
11
174,333333333333;209,2;313,8;
0;0,267467568162829;1;
33
0
106;138,615384615385;171,230769230769;
0;0,726953799719922;1;
33
2
156;184,363636363636;212,727272727273;
0;0,294413937488571;1;
33
12
398;477,6;517,4;550,566666666667;586,748484848485;
0;0,48644050641451;0,755295226152995;0,774173569121396;1;
34
14
677;773,714285714286;818,847619047619;915,561904761905;1084,8119047619;
0;0,201255087624304;0,681399906746582;0,742503455380202;1;
34
6
184;276;331,2;400,2;
0;0,298851103987545;0,684420656216363;1;
34
10
686;823,2;1166,2;
0;0,308599881827831;1;
34
1
126,75;190,125;240,825;
0;0,143633265397511;1;
34
7
175,5;877,5;927,642857142857;986,142857142857;1337,14285714286;
0;0,689580965554342;0,825555948688114;0,848257940914856;1;
