15
35
0
9
99,3333333333333;149;223,5;298;
0;0,330378325365018;0,33970741484844;1;
0
1
273;382,2;402,422222222222;422,644444444444;
0;0,0914136340725236;0,688139292956465;1;
0
14
184,75;221,7;295,6;443,4;
0;0,247330414771568;0,567136524580387;1;
0
7
87,5714285714286;134,725274725275;157,428978428978;
0;0,18954760133056;1;
0
5
489;543,333333333333;565,560606060606;598,160606060606;
0;0,131828644371126;0,340093220996654;1;
1
8
153,666666666667;204,888888888889;250,988888888889;
0;0,55955353367608;1;
1
5
489;570,5;668,3;912,8;961,7;
0;0,152613188372925;0,417652574400719;0,536572953937424;1;
1
3
312,5;401,785714285714;458,603896103896;583,603896103896;
0;0,573952411185019;0,727600010488101;1;
1
2
181,5;237,346153846154;303,346153846154;424,346153846154;545,346153846154;
0;0,222451701178215;0,40398202820272;0,82795372843845;1;
1
4
189,333333333333;378,666666666667;473,333333333333;568;
0;0,464917324483395;0,812390647575875;1;
1
10
56;74,6666666666667;91,8974358974359;
0;0,415517358575016;1;
1
6
46;103,5;126,5;356,5;385,25;
0;0,0460285384906456;0,462027712242399;0,492843896424865;1;
1
0
88,75;177,5;216,944444444444;287,944444444444;
0;0,436511452775449;0,762673255512251;1;
1
13
175,666666666667;219,583333333333;324,983333333333;383,538888888889;
0;0,00162311084568501;0,402170370951792;1;
1
7
204,333333333333;280,958333333333;324,744047619048;365,610714285714;412,76456043956;
0;0,053638004232198;0,0713159443852598;0,213412114580944;1;
1
14
739;844,571428571429;906,154761904762;
0;0,0673200414748862;1;
1
11
348;522;609;725;
0;0,548257639165968;0,653797963030698;1;
2
7
613;689,625;777,196428571429;1083,69642857143;
0;0,159431166714057;0,648184363954874;1;
2
6
230;246,428571428571;476,428571428571;553,095238095238;572,261904761905;
0;0,00376625941134989;0,522373483002615;0,586861790811635;1;
2
1
182;227,5;409,5;682,5;
0;0,551994509878568;0,693230904277681;1;
2
0
71;121,714285714286;153,987012987013;198,362012987013;233,862012987013;
0;0,590647118515335;0,893099597093408;0,909314172327504;1;
2
12
227,666666666667;398,416666666667;483,791666666667;711,458333333333;787,347222222222;
0;0,166350605897605;0,653304512562763;0,741776122217514;1;
2
5
489;526,615384615385;564,230769230769;686,480769230769;849,480769230769;
0;0,454628898412921;0,859629641809923;0,866275836085354;1;
2
3
156,25;200,892857142857;248,96978021978;
0;0,229502705158666;1;
2
4
142;331,333333333333;899,333333333333;962,444444444444;1009,77777777778;
0;0,164910647668876;0,660882028222467;0,741251111067835;1;
3
13
58,5555555555556;106,464646464646;134,20148856991;169,334821903243;181,045933014354;
0;0,158913355262484;0,514519888482928;0,730168278532894;1;
3
11
58;71,3846153846154;98,1538461538462;156,153846153846;
0;0,180298030434642;0,322784898050294;1;
3
5
30,5625;40,9667553191489;50,9463471558836;64,529680489217;
0;0,392366085725371;0,549068834470067;1;
3
3
52,0833333333333;96,7261904761905;110,930735930736;127,822627822628;
0;0,490093939995859;0,642539887333031;1;
3
9
59,6;65,56;77,9766666666667;92,8766666666667;167,376666666667;
0;0,649312911147717;0,86386039416997;0,93489750772722;1;
4
4
56,8;74,55;102,95;125,67;138,292222222222;
0;0,425212035072036;0,656918286639947;0,877687214673519;1;
4
14
49,2666666666667;66,8619047619048;93,2547619047619;
0;0,0695871084462851;1;
4
11
87;98,2258064516129;106,713611329662;
0;0,720224200864322;1;
4
10
22,4;27,7333333333333;36,3487179487179;
0;0,301223028916866;1;
4
0
23,6666666666667;39,1014492753623;47,3572632288507;
0;0,257754613528959;1;
4
6
13,5294117647059;19,1391678622669;27,0702023450255;47,9792932541164;
0;0,698254429036751;0,913028062171429;1;
5
13
87,8333333333333;106,654761904762;370,154761904762;403,092261904762;
0;0,332475567643996;0,471566553254794;1;
5
10
56;68,4444444444444;124,444444444444;
0;0,512605297320988;1;
5
4
142;223,142857142857;270,47619047619;
0;0,244602165010292;1;
5
3
78,125;390,625;413,773148148148;442,182239057239;
0;0,618534499488305;0,749308874412913;1;
5
14
739;763,633333333333;837,533333333333;886,8;
0;0,205756226729136;0,249330874731426;1;
5
2
103,714285714286;285,214285714286;406,214285714286;472,214285714286;528,06043956044;
0;0,355240712582599;0,555834676874382;0,820576696967145;1;
5
6
115;132,692307692308;142,275641025641;159,967948717949;
0;0,313308396202046;0,800881029569804;1;
6
6
76,6666666666667;306,666666666667;364,166666666667;387,166666666667;433,166666666667;
0;0,330614483216777;0,807425646910351;0,856450196606586;1;
6
14
246,333333333333;985,333333333333;1090,90476190476;1183,27976190476;
0;0,28852822619956;0,765760755580151;1;
6
3
156,25;204,326923076923;293,612637362637;350,430819180819;975,430819180819;
0;0,272925826138817;0,553178713286685;0,606742703581465;1;
6
9
298;320,923076923077;354,034188034188;403,700854700855;430,791763791764;
0;0,387191492132843;0,770914967876787;0,91857626452297;1;
6
12
170,75;256,125;939,125;1024,5;
0;0,459520130068995;0,69119519436406;1;
6
8
92,2;184,4;276,6;334,225;
0;0,118002311442979;0,242875410960488;1;
6
2
726;1089;1234,2;1314,86666666667;
0;0,518323111929931;0,777416555835783;1;
6
11
348;696;727,636363636364;766,30303030303;
0;0,545128470403142;0,563057921524191;1;
6
1
182;224;284,666666666667;830,666666666667;
0;0,272197016165592;0,465074009899357;1;
6
0
118,333333333333;142;192,714285714286;281,464285714286;399,797619047619;
0;0,105506475199945;0,425104044507746;0,542117863741825;1;
6
4
142;179,866666666667;220,438095238095;315,104761904762;
0;0,356131708016619;0,820790230657997;1;
7
2
72,6;153,266666666667;395,266666666667;447,123809523809;480,123809523809;
0;0,418704977142625;0,813198953465366;0,849979163735677;1;
7
10
112;120,296296296296;152,296296296296;
0;0,317357728723437;1;
7
12
75,8888888888889;106,934343434343;139,458152958153;
0;0,741913731093518;1;
7
9
42,5714285714286;59,1269841269841;118,726984126984;129,369841269841;139,645703338807;
0;0,0616521968040615;0,166564170093797;0,364018786568298;1;
7
11
58;92,8;110,2;129,533333333333;144,663768115942;
0;0,677152216318063;0,819038535687525;0,94313789011251;1;
8
4
189,333333333333;252,444444444444;290,311111111111;479,644444444444;520,215873015873;
0;0,501819224387873;0,870058210067038;0,902912858606716;1;
8
7
613;660,153846153846;711,23717948718;
0;0,666733662073966;1;
8
11
116;290;314,857142857143;
0;0,549389908381272;1;
8
14
246,333333333333;369,5;426,346153846154;574,146153846154;
0;0,651291676971596;0,878557402177149;1;
8
12
341,5;394,038461538462;479,413461538462;528,199175824176;869,699175824176;
0;0,339367100677919;0,643245021159879;0,683440586228036;1;
8
3
312,5;437,5;562,5;
0;0,664411291305441;1;
8
13
527;1054;1229,66666666667;1288,22222222222;
0;0,257911349355709;0,579390675749912;1;
8
8
230,5;296,357142857143;388,557142857143;421,485714285714;479,110714285714;
0;0,409172753978055;0,613908324210468;0,790661041036369;1;
8
6
76,6666666666667;99,6666666666667;138;155,692307692308;
0;0,689935808361042;0,770265907952874;1;
8
5
97,8;135,415384615385;168,015384615385;216,915384615385;
0;0,357286752958316;0,476053618223128;1;
8
10
56;80,8888888888889;108,888888888889;126,119658119658;
0;0,112885816313792;0,137057614190872;1;
8
9
74,5;97,4230769230769;127,223076923077;148,508791208791;169,794505494505;
0;0,463092575606424;0,851684161498998;0,868638432192333;1;
9
2
60,5;98,7105263157895;113,835526315789;
0;0,245335611747578;1;
9
11
17,4;30,2888888888889;38,5746031746032;48,8098972922502;58,4765639589169;
0;0,407091999077238;0,414279286938347;0,740809674353427;1;
9
8
92,2;105,371428571429;115,615873015873;
0;0,148502007359639;1;
9
13
131,75;154,663043478261;172,835457271364;186,010457271364;
0;0,428934677154757;0,68392212714702;1;
9
7
40,8666666666667;56,5846153846154;82,126282051282;96,7215201465201;120,298443223443;
0;0,126751632546075;0,257433281061312;0,260427806162723;1;
10
7
153,25;459,75;521,05;582,35;1195,35;
0;0,262219186755829;0,814352753465184;0,827840174550576;1;
10
0
71;96,3571428571429;185,107142857143;
0;0,145409495104104;1;
10
12
136,6;212,488888888889;553,988888888889;
0;0,0615857251686975;1;
10
10
44,8;69,6888888888889;84,6222222222222;104,985858585859;136,985858585859;
0;0,120874349260703;0,238258025130427;0,491475603112637;1;
10
4
189,333333333333;227,2;274,533333333333;331,333333333333;
0;0,334333008038811;0,375802702932224;1;
10
13
175,666666666667;228,366666666667;281,066666666667;
0;0,36707384919282;1;
10
2
145,2;211,2;301,95;447,15;527,816666666667;
0;0,724223091965541;0,789171147690104;0,807473566602028;1;
10
5
97,8;342,3;383,05;
0;0,441862215637229;1;
10
3
208,333333333333;312,5;354,166666666667;410,984848484848;567,234848484848;
0;0,449360635830089;0,645631954456967;0,802275763110323;1;
11
0
355;710;720,142857142857;
0;0,466585527174175;1;
11
8
153,666666666667;165,191666666667;211,291666666667;236,902777777778;
0;0,648675679578446;0,877772682046202;1;
11
14
41,0555555555556;410,555555555556;516,126984126984;
0;0,023036444443278;1;
11
12
37,9444444444444;72,0944444444444;90,0681286549708;175,443128654971;
0;0,221909080864862;0,375002008777569;1;
11
4
51,6363636363636;89,5030303030303;104,450398724083;142,31706539075;
0;0,124280337011442;0,462197735910718;1;
11
3
34,7222222222222;50,3472222222222;70,5085125448029;85,7524149838273;
0;0,454169290373102;0,767710107840846;1;
11
6
46;54,2142857142857;87,0714285714286;92,0714285714286;
0;0,0670280016493052;0,308734792912756;1;
12
2
51,8571428571429;73,2100840336134;145,810084033613;
0;0,337229349534027;1;
12
11
23,2;38,3304347826087;45,4324755989352;53,3415665080261;
0;0,122252982342616;0,249574640646089;1;
12
12
37,9444444444444;86,7301587301587;112,026455026455;127,910175956688;147,998411250805;
0;0,374087015865371;0,511772136027458;0,649379497285535;1;
12
14
52,7857142857143;74,5210084033613;97,6147584033613;123,097517024051;158,287993214527;
0;0,306795470765792;0,630114843182293;0,869716514976403;1;
12
0
20,8823529411765;29,1381668946648;37,5905478470458;
0;0,69294732157141;1;
12
3
69,4444444444444;82,1995464852608;134,282879818594;
0;0,14195742958691;1;
12
8
41,9090909090909;80,3257575757576;93,4971861471862;103,305696785484;
0;0,667471055639908;0,764449868302408;1;
13
8
92,2;122,933333333333;155,861904761905;186,595238095238;225,011904761905;
0;0,299787824100349;0,47060100146424;0,835913758430665;1;
13
9
59,6;86,6909090909091;146,290909090909;
0;0,107647106226068;1;
13
13
263,5;368,9;500,65;676,316666666667;716,855128205128;
0;0,0254960638121702;0,743216916168949;0,8886839159225;1;
13
0
177,5;266,25;325,416666666667;
0;0,334479541692417;1;
13
11
87;136,714285714286;175,380952380952;202,150183150183;271,750183150183;
0;0,548075906059239;0,605818803464485;0,638981455364215;1;
13
3
312,5;375;1000;
0;0,443370061169844;1;
13
7
153,25;221,361111111111;308,93253968254;370,23253968254;438,343650793651;
0;0,132637366710696;0,151784797444138;0,588476015954623;1;
13
2
726;781,846153846154;854,446153846154;1217,44615384615;1308,19615384615;
0;0,0658532410743646;0,182024048325913;0,196815955424107;1;
13
4
142;198,8;312,4;393,542857142857;
0;0,526737538457382;0,874764395065798;1;
14
5
489;529,75;555,486842105263;1044,48684210526;1063,29453441296;
0;0,47802517079981;0,548630951467415;0,752004928092206;1;
14
14
73,9;99,3827586206897;468,88275862069;495,275615763547;527,406050546155;
0;0,65593543642899;0,863991790264622;0,963126290373467;1;
14
3
69,4444444444444;147,569444444444;170,717592592593;248,842592592593;457,175925925926;
0;0,640214163868222;0,78367098097753;0,865358373838406;1;
14
6
32,8571428571429;109,52380952381;127,216117216117;357,216117216117;378,125208125208;
0;0,278702921408694;0,464810856594685;0,764817868754868;1;
14
11
38,6666666666667;56,0666666666667;68,0666666666667;
0;0,492229343682993;1;
14
4
81,1428571428571;649,142857142857;1217,14285714286;1244,19047619048;
0;0,367216877813917;0,735259463461184;1;
14
1
60,6666666666667;80,8888888888889;113,006535947712;
0;0,738888942345511;1;
14
10
28;52,8888888888889;73,2525252525252;88,1858585858586;
0;0,7153630653047;0,753023449298401;1;
14
7
306,5;353,653846153846;377,230769230769;
0;0,431930958351586;1;
15
12
85,375;313,041666666667;336,593390804598;385,379105090312;430,912438423645;
0;0,40231817465974;0,662480801821624;0,68567277325528;1;
15
8
57,625;518,625;633,875;658,138157894737;679,092703349282;
0;0,348088824015576;0,421727987350584;0,606103209317846;1;
15
13
105,4;123,572413793103;299,23908045977;474,905747126437;
0;0,491305923031177;0,831598105155234;1;
15
1
60,6666666666667;151,666666666667;174,416666666667;356,416666666667;
0;0,374004556273576;0,547479352453175;1;
15
6
76,6666666666667;87,6190476190476;133,619047619048;150,047619047619;
0;0,318008697533514;0,612247763128606;1;
15
5
163;407,5;426,307692307692;
0;0,0565265262848698;1;
15
0
118,333333333333;142;160,684210526316;200,12865497076;288,87865497076;
0;0,442156127945054;0,594417535251468;0,748400219367446;1;
15
10
44,8;54,9818181818182;75,3454545454545;
0;0,109137013962027;1;
15
7
153,25;214,55;245,2;
0;0,0338195863296278;1;
16
12
136,6;221,975;563,475;
0;0,0277509927400388;1;
16
2
363;544,5;635,25;
0;0,438164191727992;1;
16
0
177,5;221,875;310,625;
0;0,662081646092702;1;
16
1
546;1092;1183;1365;
0;0,52053021005122;0,857200697693082;1;
16
8
115,25;148,178571428571;263,428571428571;
0;0,408013926527929;1;
16
3
156,25;245,535714285714;558,035714285714;599,702380952381;
0;0,722392450610641;0,738712121555839;1;
16
5
97,8;152,133333333333;641,133333333333;763,383333333333;
0;0,368917226849589;0,503438893946953;1;
16
11
69,6;156,6;226,2;264,866666666667;322,866666666667;
0;0,549657080846373;0,589393642509962;0,871687826392423;1;
16
10
56;280;312;334,4;
0;0,159647423482966;0,602735169087191;1;
17
13
131,75;169,392857142857;301,142857142857;
0;0,596630379441194;1;
17
6
115;140,555555555556;156,984126984127;202,984126984127;219,412698412698;
0;0,423854391323403;0,432412291491514;0,486339798639809;1;
17
14
184,75;241,596153846154;487,929487179487;857,429487179487;1042,17948717949;
0;0,605481733451597;0,755871389623059;0,93685349727166;1;
17
5
163;652;692,75;790,55;823,15;
0;0,0568996234796941;0,682251434448065;0,889090120773536;1;
17
11
348;371,2;458,2;632,2;701,8;
0;0,436712780152448;0,516447702978498;0,712144797926178;1;
17
12
136,6;193,516666666667;330,116666666667;
0;0,0989501809235662;1;
17
9
149;447;484,25;782,25;
0;0,16366508428473;0,402873370802213;1;
17
8
153,666666666667;211,291666666667;253,200757575758;345,400757575758;437,600757575758;
0;0,69113269506488;0,729322057059568;0,740609862165098;1;
17
4
189,333333333333;229,904761904762;324,571428571429;
0;0,517367451684549;1;
17
0
177,5;207,083333333333;236,666666666667;
0;0,0714687608415261;1;
17
3
125;187,5;239,583333333333;328,869047619048;380,952380952381;
0;0,467583565972745;0,69166605719;0,863320176876674;1;
17
10
74,6666666666667;90,6666666666667;146,666666666667;174,666666666667;
0;0,0868247846374288;0,345205529243789;1;
18
5
122,25;163;195,6;
0;0,746508556301706;1;
18
4
568;624,8;908,8;1098,13333333333;
0;0,0608284233603626;0,518499473596853;1;
18
6
76,6666666666667;134,166666666667;191,666666666667;208,095238095238;
0;0,16929963673465;0,741634141745739;1;
18
11
348;386,666666666667;409,866666666667;459,580952380952;633,580952380952;
0;0,694150584982708;0,807741499319372;0,883337623311165;1;
18
7
613;668,727272727273;745,352272727273;
0;0,372738745878451;1;
18
14
184,75;277,125;1016,125;1200,875;
0;0,378834963077679;0,835218633957336;1;
18
0
355;390,5;449,666666666667;485,166666666667;
0;0,52235388639383;0,526998086763231;1;
18
3
312,5;354,166666666667;402,24358974359;471,688034188034;523,771367521368;
0;0,281068844022229;0,453461177452332;0,742085090972675;1;
19
7
306,5;374,611111111111;681,111111111111;987,611111111111;
0;0,651864411018323;0,718583895909765;1;
19
4
113,6;681,6;823,6;
0;0,591424690734129;1;
19
6
32,8571428571429;90,3571428571429;320,357142857143;353,214285714286;366,743697478992;
0;0,71565546101192;0,789429814316113;0,815215780467415;1;
19
14
82,1111111111111;123,166666666667;151,589743589744;204,375457875458;
0;0,638191851961892;0,740842874468559;1;
19
0
118,333333333333;177,5;192,291666666667;207,726449275362;
0;0,734031889296602;0,861513992738907;1;
19
2
121;163,705882352941;215,563025210084;242,451914098973;
0;0,593636054720264;0,735630701609703;1;
19
13
58,5555555555556;124,430555555556;651,430555555556;668,997222222222;694,09246031746;
0;0,0544224276090972;0,429715434819274;0,713690614952764;1;
19
5
489;507,807692307692;589,307692307692;615,044534412956;635,419534412956;
0;0,608782770868856;0,882604305568393;0,95126177201003;1;
19
10
32;49,2307692307692;56,6974358974359;77,0610722610723;
0;0,601983249129262;0,769255552797382;1;
20
7
47,1538461538462;115,264957264957;127,77516134659;
0;0,0613354684319347;1;
20
12
341,5;569,166666666667;614,7;
0;0,618615929153748;1;
20
13
32,9375;45,4851190476191;58,0327380952381;110,732738095238;130,251256613757;
0;0,706391842570156;0,788546748764873;0,919085337701804;1;
20
8
51,2222222222222;63,6816816816817;524,681681681682;534,49019231998;544,967465047252;
0;0,56226050213445;0,81842919240975;0,851591529167131;1;
20
10
14,9333333333333;19,6;243,6;299,6;
0;0,66167115024291;0,688907113577259;1;
21
3
125;203,125;265,625;
0;0,466856645420194;1;
21
12
683;718,947368421053;756,891812865497;
0;0,0794039651518688;1;
21
8
92,2;130,616666666667;156,227777777778;173,301851851852;
0;0,076594186713919;0,444484045667824;1;
21
2
72,6;99,4888888888889;244,688888888889;426,188888888889;
0;0,236783173168078;0,585301240748963;1;
21
5
122,25;147,986842105263;176,751547987616;214,366932603001;
0;0,213642860529944;0,273523978654603;1;
21
4
284;426;482,8;514,355555555556;
0;0,603820988209918;0,753267545571527;1;
21
7
68,1111111111111;190,711111111111;221,361111111111;
0;0,528180993860587;1;
21
13
87,8333333333333;125,47619047619;149,430735930736;172,343779408997;216,260446075663;
0;0,714201392722316;0,854160448768568;0,901368062936868;1;
22
0
177,5;248,5;268,222222222222;312,597222222222;344,869949494949;
0;0,141101342160255;0,191435800569742;0,747507019663745;1;
22
8
230,5;256,111111111111;298,020202020202;
0;0,736394386854954;1;
22
10
37,3333333333333;57,6969696969697;82,5858585858586;157,252525252525;
0;0,216152676846832;0,619305750690915;1;
22
2
121;363;605;635,25;
0;0,398645013570786;0,654308761065657;1;
22
5
61,125;183,375;207,825;370,825;493,075;
0;0,694762921426445;0,865955854917133;0,889513487998093;1;
22
13
58,5555555555556;87,8333333333333;114,183333333333;289,85;
0;0,622008582693525;0,86116922940849;1;
22
9
33,1111111111111;44,1481481481482;342,148148148148;357,048148148148;379,971225071225;
0;0,138936423347332;0,231692497743085;0,682760035714688;1;
23
8
461;526,857142857143;565,27380952381;600,735347985348;646,835347985348;
0;0,553618610661943;0,659001265114893;0,71872101488407;1;
23
14
246,333333333333;431,083333333333;677,416666666667;759,527777777778;1005,86111111111;
0;0,275038136111107;0,48243291471198;0,793310873224925;1;
23
11
174;348;382,8;426,3;513,3;
0;0,15822418226162;0,501395617437862;0,562920170576344;1;
23
2
363;726;777,857142857143;
0;0,620095809164923;1;
23
13
175,666666666667;234,222222222222;282,131313131313;319,77417027417;451,52417027417;
0;0,646272192767356;0,890015520630145;0,942756378683029;1;
23
6
115;134,166666666667;191,666666666667;212,575757575758;245,4329004329;
0;0,279852217237931;0,52357763572044;0,650105059639839;1;
23
3
208,333333333333;260,416666666667;885,416666666667;947,916666666667;
0;0,687047250859905;0,699749724399608;1;
23
7
613;715,166666666667;817,333333333333;861,119047619048;912,202380952381;
0;0,356119011354167;0,642601965286092;0,757140222180522;1;
23
9
99,3333333333333;248,333333333333;268,2;
0;0,329657332913484;1;
24
2
55,8461538461538;77,1990950226244;133,045248868778;163,295248868778;201,505775184568;
0;0,545482817804441;0,5605934836283;0,566927279998858;1;
24
10
14,9333333333333;52,2666666666667;65,443137254902;
0;0,305439421324991;1;
24
8
28,8125;38,2206632653061;51,7794867947179;61,187650060024;
0;0,452902571065351;0,598120373770578;1;
24
3
156,25;171,493902439024;187,519543464665;232,162400607523;252,995733940856;
0;0,217296122806147;0,744045771792533;0,757797266692601;1;
24
11
26,7692307692308;374,769230769231;395,239819004525;
0;0,367863573948853;1;
24
7
306,5;344,8125;360,1375;436,7625;559,3625;
0;0,496242862427607;0,51139607666396;0,736744037732964;1;
24
4
47,3333333333333;91,025641025641;108,775641025641;
0;0,36204020481091;1;
25
6
46;66,9090909090909;99,7662337662338;113,29564553094;
0;0,168098292255308;0,368403035499487;1;
25
4
63,1111111111111;85,8311111111111;227,831111111111;250,551111111111;
0;0,078756719303783;0,110044834058001;1;
25
13
58,5555555555556;93,6888888888889;115,647222222222;137,605555555556;
0;0,00154253089567646;0,123719810596077;1;
25
14
184,75;219,940476190476;302,051587301587;
0;0,740922451426741;1;
25
5
244,5;268,95;350,45;
0;0,515172794752289;1;
25
1
68,25;341,25;359,45;
0;0,301848530012649;1;
26
2
363;435,6;580,8;
0;0,121326584019698;1;
26
4
568;757,333333333333;899,333333333333;
0;0,578166824765503;1;
26
12
136,6;364,266666666667;705,766666666667;
0;0,568910108297132;1;
26
14
184,75;241,596153846154;303,179487179487;
0;0,369810216827318;1;
26
10
56;84;158,666666666667;270,666666666667;293,066666666667;
0;0,684327627648599;0,726677825103042;0,838338643083717;1;
26
8
153,666666666667;614,666666666667;656,575757575758;810,242424242424;963,909090909091;
0;0,597268467536196;0,696486568017561;0,848110725575005;1;
26
11
87;118,636363636364;141,836363636364;
0;0,511289234622382;1;
26
13
527;614,833333333333;702,666666666667;755,366666666667;931,033333333333;
0;0,463805990992114;0,615762872253985;0,821311138973541;1;
26
6
57,5;72,8333333333333;95,8333333333333;111,166666666667;
0;0,0582315627252683;0,19562136744003;1;
26
5
97,8;179,3;240,425;284,879545454545;366,379545454545;
0;0,0226558697177097;0,650438122878546;0,746664326449037;1;
27
9
298;313,684210526316;340,775119617225;351,812156654262;371,678823320929;
0;0,733811108395457;0,865399699001687;0,965014436312144;1;
27
1
91;110,5;292,5;322,833333333333;595,833333333333;
0;0,602257685386576;0,84412753345752;0,898203012101688;1;
27
2
121;148,923076923077;181,923076923077;
0;0,544818170601502;1;
27
0
44,375;61,2797619047619;76,7145445134576;89,393115942029;113,059782608696;
0;0,414654886932112;0,702018414040096;0,863110433044392;1;
27
8
92,2;117,811111111111;134,885185185185;192,510185185185;
0;0,705810119630769;0,919700958523312;1;
27
12
85,375;123,319444444444;220,890873015873;448,55753968254;491,24503968254;
0;0,453510183608159;0,622994201778989;0,869607903951836;1;
28
14
739;812,9;851,794736842105;1036,54473684211;
0;0,119297896453645;0,315739729925832;1;
28
1
68,25;89,25;114,068181818182;142,805023923445;
0;0,249265713093337;0,73942041719601;1;
28
9
37,25;67,05;96,85;
0;0,568864500091877;1;
28
10
74,6666666666667;186,666666666667;202,666666666667;218,666666666667;
0;0,570671232242603;0,770369879986087;1;
28
8
65,8571428571429;94,6696428571429;160,526785714286;191,260119047619;215,523276942356;
0;0,409237100102473;0,719002232217805;0,72468189539749;1;
28
6
32,8571428571429;58,4126984126984;70,5179615705931;78,1846282372598;89,6846282372598;
0;0,321487828565296;0,418129881173502;0,72876342742974;1;
28
0
50,7142857142857;67,6190476190476;422,619047619048;
0;0,553417183051351;1;
28
2
363;388,034482758621;418,284482758621;498,951149425287;579,617816091954;
0;0,251291767170187;0,711989545020207;0,718789075477174;1;
28
13
58,5555555555556;76,727969348659;182,127969348659;200,300383141762;
0;0,625473082589451;0,631468432770213;1;
28
3
625;703,125;727,163461538462;766,225961538462;
0;0,742622633522842;0,812723263040196;1;
29
10
74,6666666666667;99,5555555555556;155,555555555556;
0;0,259322690370027;1;
29
6
46;103,5;333,5;391;
0;0,565472054702695;0,854507793972636;1;
29
12
683;1024,5;1077,03846153846;
0;0,491963248641696;1;
29
0
88,75;114,107142857143;143,690476190476;
0;0,683063886885066;1;
29
4
189,333333333333;270,47619047619;384,076190476191;
0;0,185842158913147;1;
29
7
306,5;353,653846153846;397,43956043956;520,03956043956;
0;0,294594560342375;0,372008932596959;1;
29
11
87;435;522;
0;0,149124019837473;1;
29
1
546;595,636363636364;777,636363636364;1050,63636363636;1232,63636363636;
0;0,674123210774269;0,846555652195042;0,954017783960516;1;
29
14
184,75;431,083333333333;554,25;
0;0,215054379834328;1;
29
13
131,75;172,288461538462;277,688461538462;
0;0,69367752870312;1;
29
3
312,5;520,833333333333;568,910256410256;631,410256410256;
0;0,0597485777107067;0,173298173880849;1;
30
14
49,2666666666667;82,8575757575758;121,752312599681;139,776702843583;
0;0,488231236464344;0,635605498654175;1;
30
10
11,7894736842105;21,9712918660287;30,9312918660287;
0;0,233238150249235;1;
30
4
63,1111111111111;78,8888888888889;92,0981912144703;155,209302325581;
0;0,744482480222359;0,744617532373523;1;
30
5
28,7647058823529;40,6915351506456;162,941535150646;
0;0,30438061687164;1;
30
8
38,4166666666667;48,4384057971014;59,6823082361258;83,9454661308627;103,153799464196;
0;0,131316998158582;0,382372425956835;0,783691439645611;1;
30
0
44,375;59,8097826086956;130,809782608696;142,643115942029;166,309782608696;
0;0,338878247654065;0,662355907719816;0,685753747933049;1;
31
9
33,1111111111111;39,5893719806763;47,4314772438342;55,2735825069921;65,5494445759577;
0;0,461794826493133;0,774351886963834;0,896656112851103;1;
31
5
48,9;63,7181818181818;77,6896103896104;159,18961038961;
0;0,0142925050458871;0,477572478156323;1;
31
3
56,8181818181818;85,2272727272727;106,778996865204;122,403996865204;
0;0,525460650154855;0,757321027876713;1;
32
9
16,5555555555556;23,4857881136951;43,3524547803618;
0;0,0982884268742055;1;
32
7
43,7857142857143;57,111801242236;72,436801242236;100,300437605872;116,86800517344;
0;0,00691121548879892;0,47264017564217;0,659680084729976;1;
32
8
461;496,461538461538;506,065705128205;518,525164587665;
0;0,553139708703384;0,836193473857475;1;
32
11
17,4;34,8;53,1157894736842;87,9157894736842;
0;0,717556035378948;0,767028125685769;1;
32
4
51,6363636363636;619,636363636364;631,228200371057;725,894867037724;
0;0,225263927830383;0,547811830234606;1;
33
3
52,0833333333333;65,9722222222222;82,4195906432749;99,3114825351667;115,758850956219;
0;0,439535333483946;0,666642626055842;0,669119832470496;1;
33
5
32,6;67,5285714285714;78,3952380952381;132,728571428571;146,311904761905;
0;0,257482004177291;0,384390314956939;0,49156066921246;1;
33
14
38,8947368421053;112,794736842105;144,925171624714;
0;0,427615696506109;1;
34
1
78;100,75;125,568181818182;
0;0,428826154384296;1;
34
9
59,6;75,2842105263158;105,084210526316;119,274686716792;137,899686716792;
0;0,327973923704121;0,546949742966663;0,626921918028995;1;
34
12
113,833333333333;143,528985507246;174,574440052701;857,574440052701;
0;0,45668678189395;0,770832244053303;1;
34
2
121;266,2;294,123076923077;
0;0,309223550080787;1;
34
13
105,4;281,066666666667;300,585185185185;
0;0,541398693399969;1;
34
10
44,8;69,6888888888889;83,6888888888889;
0;0,0188847234821878;1;
34
7
204,333333333333;234,983333333333;264,17380952381;311,327655677656;349,640155677656;
0;0,365239319682587;0,703144180634359;0,853947033904402;1;
34
6
57,5;71,875;79,8060344827586;
0;0,585131442581769;1;
34
8
65,8571428571429;96,5904761904762;211,840476190476;237,451587301587;
0;0,00226680032210425;0,213799571211574;1;
