
System Test
5
3600
200
120
0,95
30
Element 1
13
5
1
200
114
0
7
300
25
0,312
7,808
0
0,029
1
Element 2
7
8
1
350
60
0
9
550
22,857
0,164
3,757
0
0,039
1
Element 3
15
7
1
240
120
0
5
180
29,167
0,329
9,589
0
0,037
1
Element 4
8
6
1
500
130
0
10
280
12
0,356
4,274
0
0,031
1
Element 5
13
15
1
300
60
0
15
100
50
0,164
8,219
0
0,031
1
Element 6
5
2
1
260
110
0
7
380
7,692
0,301
2,318
0
0,037
1
Element 7
10
7
1
400
120
0
12
400
17,5
0,329
5,753
0
0,031
1
Element 8
11
14
1
400
70
0
13
200
35
0,192
6,712
0
0,031
1
Element 9
9
3
1
160
100
0
9
150
18,75
0,274
5,137
0
0,037
1
Element 10
3
2
1
200
30
0
30
100
10
0,082
10
0
0,031
1
Element 11
4
5
1
350
45
0
60
250
14,286
0,123
14,286
0
0,031
1
Element 12
12
7
1
150
60
0
90
340
46,667
0,164
46,667
0
0,037
1
Element 13
2
2
1
300
30
0
30
100
6,667
0,082
0,548
0
0,031
1
Element 14
3
5
1
550
45
0
60
250
9,091
0,123
1,121
0
0,031
1
Element 15
5
7
1
450
60
0
90
340
15,556
0,164
0,548
0
0,037
1
Element 16
2
3
1
300
30
0
30
100
6,667
0,082
0,548
0
0,031
1
Element 17
3
6
1
550
45
0
60
250
9,091
0,123
1,121
0
0,031
1
Element 18
5
8
1
450
60
0
90
340
15,556
0,164
0,548
0
0,037
1
Element 19
2
1
1
300
30
0
30
100
6,667
0,082
0,548
0
0,031
1
Element 20
3
3
1
550
45
0
60
250
9,091
0,123
1,121
0
0,031
1
Element 21
5
4
1
450
60
0
90
340
15,556
0,164
0,548
0
0,037
1
Element 22
3
1
1
300
30
0
30
100
6,667
0,082
0,548
0
0,031
1
Element 23
4
1
1
300
30
0
30
100
6,667
0,082
0,548
0
0,031
1
Element 24
5
3
1
550
45
0
60
250
9,091
0,123
1,121
0
0,031
1
Element 25
6
4
1
450
60
0
90
340
15,556
0,164
0,548
0
0,037
1
Element 26
3
1
1
400
30
0
30
100
6,667
0,082
0,548
0
0,031
1
Element 27
4
3
1
650
45
0
60
250
9,091
0,123
1,121
0
0,031
1
Element 28
6
4
1
550
60
0
90
340
15,556
0,164
0,548
0
0,037
1
Element 29
5
3
1
750
45
0
60
250
9,091
0,123
1,121
0
0,031
1
Element 30
7
4
1
850
60
0
90
340
15,556
0,164
0,548
0
0,037
1
1
30
1
2
3
4
5
6
7
8
9
10
11
12
13
14
15
16
17
18
19
20
21
22
23
24
25
26
27
28
29
30
